
strategic_region={
	id=121
	name="STRATEGICREGION_121"
	provinces={
		373 490 602 605 722 749 761 763 774 777 779 983 1299 1341 1356 1426 1657 1712 1764 1769 1782 1785 2947 3208 3605 3608 3635 3640 3661 3691 3736 3763 3775 3778 3911 4270 4345 4419 4666 4720 4753 4769 4775 4784 4787 4869 4875 6510 6607 6610 6625 6630 6662 6676 6740 6797 7291 7364 7366 7435 7683 7794 7807 7810 7813 7875 7893 7899 9467 9480 9580 9583 9585 9601 9634 9667 9711 9740 9743 10176 10249 10534 10621 10700 10715 10718 11567 11569 11571 11585 11602 11682 11695 11725 11728 11902 12147 12149 12205 12223 12276 12278 12289 12291 12503 12582 12600 12701 13094 13156 13159 13160 13161 13162 13164 13165 13166 13180 13181 13184 13186 13196 14284 14309 14312 14317 14334 14335 14340 14345 14356 14357 14363 14364 14371 14380 14382 14387 14388 14389 14395 14396 14399 14401 14402 14409 14410 14411 14414 14415 14421 14422 14426 14430 14431 14432 14433 14434 14435 14441 14442 14444 14451 14452 14454 14455 14458 14470 14471 14473 14474 14476 14480 14481 14482 14488 14489 14490 14499 14500 14504 14509 14510 14511 14512 14513 14515 14516 14517 14518 14519 14523 14528 14532 14533 14534 14536 14537 14539 14540 14541 14544 14545 14548 14549 14550 14551 14552 14553 14554 14555 14557 14561 14562 14563 14564 14565 14566 14569 14570 14571 14572 14574 14575 14576 14599 14600 14603 14605 14606 14607 14608 14609 14610 14611 14612 14613 14614 14615 14616 14619 14622 14623 14624 14625 14630 14635 14636 14637 14640 14644 14645 14646 14650 14651 14656 14657 14658 14659 14660 14661 14662 14663 14664 14668 14669 14672 14673 14674 14675 14676 14682 14683 14684 14688 14689 14690 14691 14692 14694 14695 14699 14700 14705 14707 14708 14709 14710 14714 14716 14717 14718 14724 14725 14726 14728 14729 14730 14731 14732 14733 14734 14740 14741 14742 14743 14744 14746 14747 14748 14749 14754 14755 14756 14761 14762 14763 14768 14769 14770 14771 14772 14773 14775 14776 14782 14783 14784 14785 14789 14790 14791 14792 14795 14796 14797 14798 14801 14802 14803 14804 14808 14809 14813 14814 14815 14816 14817 14818 14821 14822 14823 14825 14826 14827 14828 14833 14834 14835 14839 14840 14841 14842 14846 14847 14848 14850 14851 14852 14855 14856 14859 14860 14861 14863 14864 14865 14866 14872 14876 14877 14878 14880 14881 14882 14883 14884 14885 14886 14887 14888 14889 14890 14891 14892 14896 14897 14898 14899 14900 14901 14905 14906 14909 14913 14919 14920 14923 14926 14928 14932 14933 14934 14935 14936 14937 14938 14939 14944 14945 14946 14948 14949 14950 14951 14952 14954 14960 14961 14964 14965 14966 14968 14969 14970 14971 14972 14975 14976 14977 14982 14983 14984 14985 14987 14988 14989 14990 14991 14995 14996 14997 14999 15000 15004 15005 15006 15007 15010 15015 15016 15020 15021 15022 15023 15024 15027 15028 15029 15034 15035 15038 15039 15042 15043 15044 15046 15047 15048 15051 15052 15053 15056 15057 15058 15059 15060 15061 15064 15068 15069 15073 15074 15075 15078 15079 15080 15081 15083 15088 15092 15093 15094 15096 15097 15099 15100 15101 15102 15103 15104 15105 15106 15107 15108 15109 15115 15116 15120 15123 15129 15130 15131 15132 15133 15134 15135 15139 15140 15141 15142 15145 15147 15154 15155 15158 15159 15162 15165 15166 15172 15173 15174 15175 15176 15178 15180 15181 15182 15183 15184 15185 15186 15187 15192 15193 15203 15204 15205 15206 15207 15211 15212 15213 15214 15215 15221 15222 15223 15225 15226 15229 15230 15236 15237 15239 15240 15241 15242 15243 15245 15252 15253 15259 15260 15269 15270 15271 15277 15278 15283 15284 15285 15288 15297 15298 15299 15307 15309 15310 15311 15316 15317 15322 15328 15329 15337 15338 15341 15347 15348 15353 15354 15355 15361 15370 15373 15374 15375 15381 15397 15398 15404 15412 15413 15423 15431 15432 15439 15452 15458 15459 15460 15467 15474 15486 15487 15498 15499 15513 15518 15538 15545 15551 15556 15568 15579 15580 15581 15589 15603 15611 15637 15653 15658 15659 15660 15685 15702 15711 15712 15720 15725 15748 15749 15783 15795 15797 15837 15908 15643 8962
	}
	weather={
		period={
			between={ 0.0 30.0 }
			temperature={ -17.0 -8.0 }
			temperature_day_night={ 10.0 -10.0 }
			no_phenomenon=0.300
			rain_light=0.050
			rain_heavy=0.000
			snow=0.500
			blizzard=0.150
			arctic_water=0.000
			mud=0.300
			sandstorm=0.0
			min_snow_level=0.000
		}
		period={
			between={ 0.1 27.1 }
			temperature={ -14.0 -5.0 }
			temperature_day_night={ 9.0 -9.0 }
			no_phenomenon=0.400
			rain_light=0.050
			rain_heavy=0.000
			snow=0.500
			blizzard=0.150
			arctic_water=0.000
			mud=0.300
			sandstorm=0.000
			min_snow_level=0.000
		}
		period={
			between={ 0.2 30.2 }
			temperature={ -8.0 1.0 }
			temperature_day_night={ 7.0 -7.0 }
			no_phenomenon=0.400
			rain_light=0.150
			rain_heavy=0.000
			snow=0.300
			blizzard=0.150
			arctic_water=0.000
			mud=0.300
			sandstorm=0.000
			min_snow_level=0.000
		}
		period={
			between={ 0.3 29.3 }
			temperature={ 0.0 -9.0 }
			temperature_day_night={ 9.0 -9.0 }
			no_phenomenon=0.500
			rain_light=0.250
			rain_heavy=0.000
			snow=0.150
			blizzard=0.100
			arctic_water=0.000
			mud=0.300
			sandstorm=0.000
			min_snow_level=0.000
		}
		period={
			between={ 0.4 30.4 }
			temperature={ 7.0 17.0 }
			temperature_day_night={ 10.0 -10.0 }
			no_phenomenon=0.500
			rain_light=0.350
			rain_heavy=0.100
			snow=0.050
			blizzard=0.000
			arctic_water=0.000
			mud=0.300
			sandstorm=0.000
			min_snow_level=0.000
		}
		period={
			between={ 0.5 29.5 }
			temperature={ 12.0 23.0 }
			temperature_day_night={ 11.0 -11.0 }
			no_phenomenon=0.400
			rain_light=0.400
			rain_heavy=0.200
			snow=0.000
			blizzard=0.000
			arctic_water=0.000
			mud=0.300
			sandstorm=0.000
			min_snow_level=0.000
		}
		period={
			between={ 0.6 30.6 }
			temperature={ 15.0 25.0 }
			temperature_day_night={ 10.0 -10.0 }
			no_phenomenon=0.400
			rain_light=0.400
			rain_heavy=0.200
			snow=0.000
			blizzard=0.000
			arctic_water=0.000
			mud=0.300
			sandstorm=0.000
			min_snow_level=0.000
		}
		period={
			between={ 0.7 30.7 }
			temperature={ 14.0 24.0 }
			temperature_day_night={ 10.0 -10.0 }
			no_phenomenon=0.500
			rain_light=0.300
			rain_heavy=0.200
			snow=0.000
			blizzard=0.000
			arctic_water=0.000
			mud=0.300
			sandstorm=0.000
			min_snow_level=0.000
		}
		period={
			between={ 0.8 29.8 }
			temperature={ 9.0 19.0 }
			temperature_day_night={ 10.0 -10.0 }
			no_phenomenon=0.500
			rain_light=0.400
			rain_heavy=0.100
			snow=0.000
			blizzard=0.000
			arctic_water=0.000
			mud=0.300
			sandstorm=0.000
			min_snow_level=0.000
		}
		period={
			between={ 0.9 30.9 }
			temperature={ 4.0 11.0 }
			temperature_day_night={ 7.0 -7.0 }
			no_phenomenon=0.400
			rain_light=0.400
			rain_heavy=0.000
			snow=0.200
			blizzard=0.000
			arctic_water=0.000
			mud=0.300
			sandstorm=0.000
			min_snow_level=0.000
		}
		period={
			between={ 0.10 29.10 }
			temperature={ -3.0 4.0 }
			temperature_day_night={ 7.0 -7.0 }
			no_phenomenon=0.300
			rain_light=0.150
			rain_heavy=0.000
			snow=0.400
			blizzard=0.150
			arctic_water=0.000
			mud=0.300
			sandstorm=0.000
			min_snow_level=0.000
		}
		period={
			between={ 0.11 30.11 }
			temperature={ -11.0 -4.0 }
			temperature_day_night={ 7.0 -7.0 }
			no_phenomenon=0.300
			rain_light=0.050
			rain_heavy=0.000
			snow=0.500
			blizzard=0.150
			arctic_water=0.000
			mud=0.300
			sandstorm=0.000
			min_snow_level=0.000
		}
		period={
			between={ 4.11 21.11 }
			temperature={ -10.0 35.0 }
			temperature_day_night={ 2.0 -2.0 }
			no_phenomenon=1.500
			rain_light=0.250
			rain_heavy=0.100
			snow=0.000
			blizzard=0.000
			arctic_water=0.000
			mud=0.000
			sandstorm=0.000
			min_snow_level=0.000
		}
	}
}
