
strategic_region={
	id=122
	name="STRATEGICREGION_122"
	provinces={
		515 736 761 917 1262 1323 1347 1393 1408 1411 1563 1671 1671 1712 1737 1763 1788 1799 1804 1848 1858 1872 1873 2407 2407 2947 2976 2976 3010 3481 3498 3606 3691 3706 3769 3800 4218 4272 4272 4343 4385 4413 4426 4428 4678 4695 4739 4753 4765 4790 4870 4872 4877 5119 5239 5403 6726 6728 6754 6779 7185 7348 7677 7696 7696 7718 7753 7761 7766 7782 7782 7787 7813 7820 7830 7830 7853 7858 7869 7891 7901 7901 8653 8653 8962 9615 9669 10228 10258 10273 10527 10527 10548 10552 10585 10605 10611 10644 10656 10684 10703 10721 11440 12145 12166 12231 12508 12534 12571 12578 12593 12603 12636 12663 12682 12688 13075 13075 13163 13167 13167 13168 13168 13182 13183 13183 13185 13187 13187 13188 13189 13189 13190 13191 13192 14578 14579 14580 14581 14582 14583 14584 14585 14586 14587 14588 14589 14590 14591 14592 14593 14594 14595 14596 14597 14598 14602 14617 14618 14620 14621 14626 14627 14628 14629 14631 14632 14633 14634 14639 14641 14642 14643 14647 14648 14649 14652 14653 14654 14655 14666 14667 14670 14671 14677 14678 14679 14680 14681 14685 14686 14687 14693 14696 14697 14698 14701 14702 14703 14704 14711 14712 14713 14715 14719 14720 14721 14722 14723 14727 14735 14736 14737 14738 14739 14745 14751 14752 14753 14758 14759 14760 14764 14765 14766 14767 14774 14778 14779 14780 14781 14786 14787 14788 14793 14794 14799 14800 14805 14806 14807 14811 14812 14819 14820 14824 14829 14830 14831 14832 14836 14837 14838 14843 14844 14845 14849 14853 14854 14858 14862 14867 14868 14869 14870 14871 14873 14874 14875 14879 14893 14894 14895 14902 14903 14904 14907 14908 14910 14911 14912 14914 14915 14916 14917 14918 14922 14924 14925 14927 14929 14930 14931 14940 14941 14942 14943 14953 14955 14956 14957 14958 14959 14962 14963 14967 14973 14974 14978 14979 14980 14981 14986 14993 14994 14998 15001 15002 15003 15008 15009 15011 15012 15013 15014 15017 15018 15019 15025 15026 15030 15031 15032 15033 15036 15037 15040 15041 15045 15049 15050 15055 15062 15063 15065 15066 15067 15070 15071 15072 15076 15077 15082 15084 15085 15086 15087 15089 15090 15091 15095 15098 15110 15111 15112 15113 15114 15117 15118 15119 15122 15124 15125 15126 15127 15128 15136 15137 15138 15143 15144 15146 15148 15149 15150 15152 15153 15156 15157 15160 15161 15163 15164 15167 15168 15169 15170 15171 15177 15179 15188 15189 15190 15191 15194 15195 15196 15197 15198 15199 15200 15201 15202 15208 15209 15210 15216 15217 15218 15219 15220 15224 15227 15228 15231 15232 15233 15234 15235 15238 15244 15247 15248 15249 15250 15251 15254 15255 15256 15257 15258 15261 15262 15263 15264 15265 15266 15267 15268 15272 15273 15274 15275 15276 15280 15281 15282 15286 15287 15289 15290 15291 15292 15293 15294 15295 15296 15302 15303 15304 15305 15306 15308 15313 15314 15315 15318 15319 15320 15321 15323 15324 15325 15326 15327 15330 15331 15332 15333 15334 15335 15336 15339 15340 15345 15346 15349 15350 15351 15352 15357 15358 15359 15360 15363 15364 15366 15367 15368 15369 15371 15372 15377 15378 15379 15380 15382 15383 15384 15385 15386 15387 15388 15389 15392 15394 15395 15396 15401 15402 15403 15406 15407 15408 15410 15411 15415 15416 15417 15418 15419 15420 15422 15427 15428 15429 15430 15435 15436 15437 15438 15442 15443 15447 15448 15449 15450 15451 15455 15456 15457 15463 15464 15465 15466 15468 15469 15470 15472 15473 15478 15479 15480 15481 15482 15484 15485 15491 15492 15493 15496 15497 15503 15504 15505 15508 15509 15516 15517 15524 15525 15526 15527 15529 15530 15531 15532 15534 15535 15537 15540 15543 15544 15550 15553 15554 15555 15561 15562 15563 15566 15567 15570 15571 15572 15573 15574 15576 15577 15578 15586 15587 15588 15593 15594 15596 15599 15600 15601 15602 15608 15609 15610 15615 15616 15617 15618 15619 15620 15621 15622 15627 15628 15629 15630 15633 15634 15635 15640 15641 15642 15643 15644 15645 15646 15650 15651 15652 15655 15656 15657 15662 15665 15666 15667 15668 15669 15670 15677 15678 15679 15680 15683 15686 15687 15691 15693 15694 15695 15696 15697 15698 15699 15700 15701 15704 15705 15706 15707 15708 15709 15710 15714 15715 15716 15717 15718 15719 15723 15724 15727 15728 15729 15730 15732 15733 15734 15735 15736 15738 15739 15740 15741 15742 15745 15746 15747 15752 15753 15754 15755 15756 15761 15762 15763 15764 15765 15769 15770 15771 15772 15773 15775 15776 15777 15779 15780 15781 15782 15786 15787 15788 15793 15794 15796 15801 15805 15806 15807 15808 15809 15810 15811 15812 15813 15814 15815 15816 15817 15818 15819 15820 15821 15822 15823 15824 15825 15826 15827 15828 15829 15830 15838 15839 15842 15843 15846 15847 15848 15849 15852 15853 15855 15856 15862 15863 15865 15866 15867 15868 15869 15870 15871 15872 15875 15876 15878 15879 15880 15881 15884 15885 15886 15892 15893 15894 15898 15899 15900 15904 15905 15906 15910 15912 15913 15914 15916 15917 15918 15919 15922 15923 15924 15925 15928 15929 15930 15935 15936 15937 15940 15941 15943 15944 15945 15948 15949 15950 15951 15953 15955 15956 15959 15960 15962 15964 15965 15968 15969 15970 15971 15972 15974 15975 15977 15978 15981 15982 15983 15984 15985 15986 15987 15996 15997 15999 16000 16003 16004 16006 16010 16013 16014 16015 16018 16019 16020 16021 16024 16025 16028 16029 16030 16031 16033 16034 16035 16036 16037 16038 16039 16042 16043 16044 16045 16048 16049 16050 16053 16054 16055 16060 16062 16063 16064 16065 16066 16067 16068 16070 16072 16073 16079 16080 16082 16084 16085 16086 16087 16090 16095 16096 16097 16098 16099 16100 
	}
	weather={
		period={
			between={ 0.0 30.0 }
			temperature={ -20.0 -8.0 }
			temperature_day_night={ 10.0 -10.0 }
			no_phenomenon=0.350
			rain_light=0.050
			rain_heavy=0.000
			snow=0.500
			blizzard=0.100
			arctic_water=0.000
			mud=0.300
			sandstorm=0.000
			min_snow_level=0.000
		}
		period={
			between={ 0.1 27.1 }
			temperature={ -20.0 -8.0 }
			temperature_day_night={ 10.0 -10.0 }
			no_phenomenon=0.400
			rain_light=0.100
			rain_heavy=0.000
			snow=0.400
			blizzard=0.100
			arctic_water=0.000
			mud=0.300
			sandstorm=0.000
			min_snow_level=0.000
		}
		period={
			between={ 0.2 30.2 }
			temperature={ -10.0 2.0 }
			temperature_day_night={ 10.0 -10.0 }
			no_phenomenon=0.450
			rain_light=0.150
			rain_heavy=0.000
			snow=0.300
			blizzard=0.100
			arctic_water=0.000
			mud=0.300
			sandstorm=0.000
			min_snow_level=0.000
		}
		period={
			between={ 0.3 29.3 }
			temperature={ 2.0 9.0 }
			temperature_day_night={ 8.0 -8.0 }
			no_phenomenon=0.450
			rain_light=0.250
			rain_heavy=0.050
			snow=0.200
			blizzard=0.050
			arctic_water=0.000
			mud=0.300
			sandstorm=0.000
			min_snow_level=0.000
		}
		period={
			between={ 0.4 30.4 }
			temperature={ 5.0 17.0 }
			temperature_day_night={ 10.0 -10.0 }
			no_phenomenon=0.450
			rain_light=0.400
			rain_heavy=0.150
			snow=0.050
			blizzard=0.000
			arctic_water=0.000
			mud=0.300
			sandstorm=0.000
			min_snow_level=0.000
		}
		period={
			between={ 0.5 29.5 }
			temperature={ 10.0 22.0 }
			temperature_day_night={ 10.0 -10.0 }
			no_phenomenon=0.400
			rain_light=0.400
			rain_heavy=0.150
			snow=0.000
			blizzard=0.000
			arctic_water=0.000
			mud=0.300
			sandstorm=0.000
			min_snow_level=0.000
		}
		period={
			between={ 0.6 30.6 }
			temperature={ 13.0 23.0 }
			temperature_day_night={ 10.0 -10.0 }
			no_phenomenon=0.400
			rain_light=0.400
			rain_heavy=0.150
			snow=0.000
			blizzard=0.000
			arctic_water=0.000
			mud=0.300
			sandstorm=0.000
			min_snow_level=0.000
		}
		period={
			between={ 0.7 30.7 }
			temperature={ 11.0 23.0 }
			temperature_day_night={ 10.0 -10.0 }
			no_phenomenon=0.450
			rain_light=0.400
			rain_heavy=0.150
			snow=0.000
			blizzard=0.000
			arctic_water=0.000
			mud=0.300
			sandstorm=0.000
			min_snow_level=0.000
		}
		period={
			between={ 0.8 29.8 }
			temperature={ 6.0 18.0 }
			temperature_day_night={ 10.0 -10.0 }
			no_phenomenon=0.500
			rain_light=0.400
			rain_heavy=0.100
			snow=0.000
			blizzard=0.000
			arctic_water=0.000
			mud=0.300
			sandstorm=0.000
			min_snow_level=0.000
		}
		period={
			between={ 0.9 30.9 }
			temperature={ 1.0 11.0 }
			temperature_day_night={ 10.0 -10.0 }
			no_phenomenon=0.450
			rain_light=0.350
			rain_heavy=0.050
			snow=0.150
			blizzard=0.000
			arctic_water=0.000
			mud=0.300
			sandstorm=0.000
			min_snow_level=0.000
		}
		period={
			between={ 0.10 29.10 }
			temperature={ -4.0 4.0 }
			temperature_day_night={ 8.0 -8.0 }
			no_phenomenon=0.400
			rain_light=0.150
			rain_heavy=0.000
			snow=0.350
			blizzard=0.100
			arctic_water=0.000
			mud=0.300
			sandstorm=0.000
			min_snow_level=0.000
		}
		period={
			between={ 0.11 30.11 }
			temperature={ -15.0 -5.0 }
			temperature_day_night={ 10.0 -10.0 }
			no_phenomenon=0.350
			rain_light=0.050
			rain_heavy=0.000
			snow=0.500
			blizzard=0.100
			arctic_water=0.000
			mud=0.300
			sandstorm=0.000
			min_snow_level=0.000
		}
		period={
			between={ 4.11 21.11 }
			temperature={ -10.0 35.0 }
			temperature_day_night={ 2.0 -2.0 }
			no_phenomenon=1.500
			rain_light=0.250
			rain_heavy=0.100
			snow=0.000
			blizzard=0.000
			arctic_water=0.000
			mud=0.000
			sandstorm=0.000
			min_snow_level=0.000
		}
	}
}
