state={
	id=463
	name="STATE_463"

	history={
		owner = USA
		buildings = {
			infrastructure = 1

		}
		#add_core_of = USA
	}

	impassable = yes

	provinces={
		13069 15934 15874 15861 15921 15967 15995 15973 15994 15993 16005 16009 15992 15920 15858 15774 15722 15661 15607 15690 16032 16017 16092 16071 16091 16047 16059 16078 16077 16081 16046 15991 15990 15933 15854 15799 15798 15760 15744 15721 15674 15737 15689 15703 1830 15751 15731 15750 7855 15789 15840 15802 15887 15932 15939 15980 16012 16089 16027 16083 15989 15963 15946 15896 15841 15833 15790 15759 15791 15778 15834 15877 15857 15888 15954 16016 16041 16052 16094 16058 16076 16041 16016 15998 16023 15966 15998 16016 15907 15958 15942 15927 15903 15902 15851 15836 15882 15883
	}
	manpower=350
	buildings_max_level_factor=1
	state_category=wasteland
}
