
state={
	id=466
	name="STATE_466"

	history={
		owner = CAN
		buildings = {
			infrastructure = 3

		}
		add_core_of = CAN

	}

	provinces={
		490 983 1341 1356 1764 3911 4419 4769 7435 7875 7893 10249 10700 11682 11902 12205 12223 12276 13160 13162 14334 14356 14380 14399 14410 14430 14431 14452 14455 14473 14474 14482 14489 14490 14519 14528 14534 14541 14545 14555 14565 14571 14572 14575 14614 14615 14616 14630 14640 14651 14663 14664 14675 14691 14700 14731 14755 14756 14784 14796 
	}
	manpower=269300
	buildings_max_level_factor=1.000
	state_category=town
}
