
state={
	id=467
	name="STATE_467"

	history={
		owner = CAN
		buildings = {
			infrastructure = 4
			industrial_complex = 1

		}
		victory_points = {
			4872 5 
		}
		add_core_of = CAN

	}

	provinces={
		1848 1873 4218 4426 4790 4872 5119 5239 6728 7185 7782 7782 9615 10585 10605 12145 12636 12688 13163 13182 14591 14592 14593 14594 14595 14596 14597 14598 14618 14621 14627 14628 14629 14634 14643 14655 14667 14671 14681 14687 14693 14697 14698 14703 14704 14713 14723 14737 14738 14739 14752 14753 14760 14794 14800 14806 14807 14832 14844 14845 14849 14854 14871 14873 14874 14875 14895 14904 14912 14918 14930 14931 14942 14943 14953 14974 14981 15003 15019 15032 15033 15037 15072 15082 15085 15086 15087 15090 15091 15114 15119 15125 15126 15127 15128 15144 15150 15157 15161 15169 15170 15171 15177 15188 15189 15196 15202 15209 15210 15217 15218 15219 15220 15227 15228 15233 15234 15235 15238 15250 15251 15256 15257 15258 15264 15265 15266 15274 15275 15276 15282 15290 15291 15292 15295 15296 15303 15305 15306 15308 15314 15315 15321 15325 15326 15327 15332 15333 15334 15335 15336 15340 15346 15350 15351 15352 15359 15360 15367 15368 15369 15372 15379 15380 15386 15387 15388 15389 15392 15403 15408 15411 15416 15417 15418 15419 15420 15429 15430 15437 15438 15442 15443 15449 15450 15451 15457 15465 15466 15470 15473 15480 15481 15482 15493 15496 15497 15505 15509 15517 15526 15527 15530 15531 15532 15535 15540 15543 15544 15550 15555 15567 15572 15573 15574 15577 15578 15588 15596 15602 15610 15618 15619 15622 15628 15629 15630 15634 15635 15642 15644 15645 15646 15651 15652 15657 15662 15670 15678 15680 15684 15687 15694 15695 15701 15708 15709 15710 15716 15717 15724 15730 15732 15735 15736 15741 15742 15745 15746 15747 15763 15764 15765 15772 15773 15776 15777 15782 15786 15787 15788 15793 
	}
	manpower=651071
	buildings_max_level_factor=1.000
	state_category=rural
}
