
state={
	id=469
	name="STATE_469"

	history={
		owner = CAN
		buildings = {
			infrastructure = 4
			industrial_complex = 1

		}
		add_core_of = CAN

	}

	provinces={
		736 1671 1788 3481 3498 3769 3800 4695 4739 6779 9669 10552 10611 10656 11440 12593 12603 12663 12682 13168 13183 13185 14581 14582 14583 14584 14585 14586 14587 14588 14589 14590 14617 14633 14642 14648 14649 14653 14654 14666 14680 14702 14711 14712 14721 14722 14751 14759 14774 14779 14780 14781 14787 14788 14805 14812 14824 14830 14831 14838 14858 14862 14870 14894 14917 14922 14924 14925 14927 14929 14941 14958 14959 14962 14963 14967 14973 14979 14980 15001 15002 15009 15014 15026 15030 15031 15041 15049 15050 15063 15071 15084 15095 15112 15113 15118 15143 15146 15149 15160 15163 15164 15191 15195 15200 15201 15216 15224 15232 15244 15249 15255 15263 15268 15281 15287 15294 15302 15304 15320 15331 15339 15358 15371 15378 15385 15396 15401 15402 15406 15407 15435 15436 15448 15456 15472 15479 15484 15485 15508 15516 15525 15529 15534 15537 15594 15601 15608 15609 15616 15617 15633 15650 15655 15656 15677 15698 15699 15700 15715 15723 15728 15729 15733 15756 15761 15762 15770 15771 15775 15779 15780 15781 
	}
	manpower=865605
	buildings_max_level_factor=1.000
	state_category=rural
}
