
state={
	id=470
	name="STATE_470"

	history={
		owner = CAN
		buildings = {
			infrastructure = 5
			industrial_complex = 1

		}
		victory_points = {
			3010 3
		}
		add_core_of = CAN

	}

	provinces={
		515 1262 1347 1763 1804 3010 3706 4765 6726 6754 7348 7718 7766 7787 7858 10684 12166 12534 13192 14580 14602 14639 14647 14678 14679 14685 14686 14696 14701 14720 14735 14736 14758 14765 14766 14767 14799 14811 14820 14829 14843 14853 14868 14869 14893 14907 14908 14911 14916 14940 14955 14956 14957 14978 14986 14994 14998 15012 15013 15018 15025 15036 15045 15055 15066 15067 15070 15076 15077 15098 15111 15117 15122 15124 15138 15148 15156 15167 15168 15179 15194 15199 15208 15247 15248 15254 15262 15273 15280 15286 15293 15313 15319 15323 15324 15349 15357 15363 15364 15366 15383 15384 15410 15422 15428 15447 15455 15464 15469 15478 15491 15492 15524 15562 15563 15566 15576 15593 15599 15600 15627 15640 15641 15668 15669 15679 15697 15704 15705 15706 15707 15714 15719 15727 15740 15752 15753 15754 15755 15769 
	}
	manpower=690800
	buildings_max_level_factor=1.000
	state_category=rural
}
