
state={
	id=471
	name="STATE_471"

	history={
		owner = CAN
		buildings = {
			infrastructure = 1
			10548 = {
				naval_base = 1

			}

		}
		add_core_of = CAN

	}

	provinces={
		3606 7869 7891 10703 15718 15738 15739 15794 15796 15801 15805 15806 15807 15808 15809 15810 15829 15838 15842 15846 15847 15855 15865 15875 15878 15892 15898 15899 15904 15910 15916 15922 15923 15935 15943 15953 15955 15959 15969 15970 15971 15981 15999 16003 16004 16006 16013 16018 16019 16020 16021 16028 16044 16049 16053 16054 16062 16066 16070 16072 16079 16084 16099 15869
	}
	manpower=27681
	buildings_max_level_factor=1.000
	state_category=wasteland
}
