
state={
	id=472
	name="STATE_472"

	history={
		owner = CAN
		buildings = {
			infrastructure = 1

		}
		add_core_of = CAN

	}

	provinces={
	 2407 2976 4272 7696 7830 7901 8653 10527 13075 13167  13189 15811 15812 15813 15814 15815 15816 15817 15818 15819 15820 15821 15822 15830 15839 15843 15848 15852 15853 15856 15862 15866 15867 15870 15871 15876 15879 15884 15893 15900 15905 15912 15917 15918 15928 15929 15936 15937 15940 15944 15945 15948 15949 15972 15982 15983 15984 15985 15986 15987 15996 16000 16014 16029 16030 16031 16033 16034 16036 16037 16038 16042 16048 16050 16060 16063 16067 16068 16073 16080 16082 16085 16086 16095 16096 
	}
	manpower=27681
	buildings_max_level_factor=1.000
	state_category=wasteland
}
