
state={
	id=473
	name="STATE_473"
	resources={
		oil=1.000
	}

	history={
		owner = CAN
		buildings = {
			infrastructure = 5
			arms_factory = 1
			industrial_complex = 1
			dockyard = 1
			air_base = 3
			1408 = {
				naval_base = 5

			}

		}
		add_core_of = CAN
		victory_points = {
			1408 15 
		}

	}

	provinces={
		917 1323 1323 1393 1408 1411 1737 1799 1858 1872 4343 4385 4413 4428 4678 4870 4877 5403 7677 7753 7761 7820 7853 10228 10258 10273 10548 10644 10644 12231 12508 12571 12578 14578 14579 14620 14626 14631 14632 14641 14652 14670 14677 14715 14719 14727 14745 14764 14778 14786 14793 14819 14836 14837 14867 14879 14902 14903 14910 14914 14915 14993 15008 15011 15011 15017 15040 15062 15065 15089 15110 15136 15137 15152 15153 15190 15197 15198 15231 15261 15267 15272 15289 15318 15330 15345 15377 15382 15394 15395 15415 15427 15463 15468 15503 15504 15553 15554 15561 15570 15571 15586 15587 15615 15620 15621 15665 15666 15667 15683 15686 15691 15693 15696 15734 
	}
	manpower=638165
	buildings_max_level_factor=1.000
	state_category=town
}
