
state={
	id=682
	name="STATE_682"
	resources={
		steel=8.000
		aluminium=9.000
	}

	history={
		owner = CAN
		buildings = {
			infrastructure = 5
			industrial_complex = 1

		}
		add_core_of = CAN

	}

	provinces={
		602 761 763 763 777 1299 1769 1782 3736 4753 4753 4775 4784 4869 4875 6510 7366 7794 7899 9467 9480 9740 10621 10718 11571 12278 12582 12701 13094 13159 13161 14312 14340 14345 14363 14364 14371 14382 14387 14395 14401 14409 14414 14421 14426 14441 14442 14444 14451 14454 14458 14470 14471 14476 14480 14481 14488 14499 14500 14504 14509 14510 14511 14512 14513 14515 14516 14517 14518 14523 14532 14533 14536 14537 14539 14540 14544 14548 14549 14550 14551 14552 14553 14554 14557 14561 14562 14563 14564 14569 14570 14574 14599 14600 14603 14605 14606 14609 14610 14611 14612 14613 14619 14622 14623 14624 14625 14635 14644 14645 14650 14656 14657 14658 14659 14660 14661 14662 14668 14669 14672 14673 14674 14682 14688 14689 14690 14694 14695 14699 14705 14707 14708 14709 14710 14714 14716 14717 14728 14729 14730 14740 14741 14742 14746 14747 14748 14749 14754 14761 14762 14763 14768 14769 14770 14775 14776 14782 14783 14789 14790 14795 14801 14802 14803 14804 14808 14813 14814 14815 14816 14821 14822 14823 14825 14826 14833 14834 14835 14839 14846 14847 14848 14850 14851 14855 14856 14859 14860 14861 14863 14864 14872 14876 14877 14880 14884 14888 14896 14897 14898 14899 14900 14905 14906 14909 14913 14919 14920 14923 14926 14928 14932 14933 14934 14944 14945 14946 14948 14949 14950 14960 14964 14965 14966 14968 14982 14983 14987 14988 14989 14995 14996 14999 15004 15010 15015 15016 15020 15021 15027 15034 15035 15038 15046 15047 15048 15051 15056 15059 15060 15061 15064 15073 15078 15079 15080 15083 15088 15092 15093 15096 15097 15099 15100 15101 15102 15107 15115 15116 15123 15129 15130 15131 15132 15139 15140 15147 15154 15155 15158 15165 15172 15173 15174 15175 15176 15178 15180 15181 15182 15183 15192 15193 15203 15204 15205 15211 15221 15222 15229 15230 15239 15240 15241 15242 15252 15253 15259 15260 15269 15270 15283 15284 15288 15297 15298 15307 15309 15310 15311 15316 15322 15347 15353 15354 15355 15361 15370 15397 15398 15404 15452 
	}
	manpower=149059
	buildings_max_level_factor=1.000
	state_category=rural
}
