
state={
	id=928
	name="STATE_928"
	resources={
		aluminium=4.000
	}

	history={
		owner = CAN
		buildings = {
			infrastructure = 1

		}
		add_core_of = CAN

	}

	provinces={
		6740 7364 10176 12147 13166 13181 13184 13186 13196 14771 14840 14865 14885 14886 14889 14935 14954 14961 14969 14975 14976 14997 15000 15028 15042 15043 15052 15068 15074 15103 15104 15108 15133 15141 15145 15159 15166 15184 15206 15207 15212 15213 15223 15225 15226 15243 15277 15278 15285 15317 15328 15329 15337 15338 15373 15374 15412 15413 15423 15458 15467 15486 15487 15498 15551 15556 15568 15579 15589 15603 15611 15637 15643 15653 15658 15685 15702 15711 15720 15725 15748 15749 15783 15795 15797 15837 15908 15459
	}
	manpower=1480
	buildings_max_level_factor=1.000
	state_category=rural
}
