
state={
	id=929
	name="STATE_929"

	history={
		owner = CAN
		buildings = {
			infrastructure = 3

		}
		add_core_of = CAN

	}

	provinces={
		1657 4666 7683 7807 7810 10534 10715 12600 13164 14566 14576 14607 14636 14637 14646 14676 14683 14684 14692 14718 14724 14725 14726 14732 14733 14734 14743 14744 14772 14773 14785 14791 14792 14797 14798 14809 14817 14818 14827 14828 14841 14842 14852 14866 14878 14881 14882 14883 14887 14890 14891 14892 14901 14936 14951 14952 14977 14984 15005 15006 15022 15053 15057 
	}
	manpower=23500
	buildings_max_level_factor=1.000
	state_category=town
}
